I11476763472236382529789429836
288836694561398829133281967857
163736834359946524831183192941
248633773265259142831896966381
553453896941756669799637398118
236675755676884826933674526773
248465685766523933939136875467
669533963343744713898983929994
815653765711241147711792428376
297215878736273111644471978865
478597419887542964721761218163
551122386458897373517189631774
516673239355859721241818388472
156676482542244749228499765227
585621635232394234811951352677
633597982591594617953841835544
332769765265431876166624754158
123442619229182886459593568715
411326659415898877146482528517
354268111334955513962874264626
148187894419134149323889165944
423662747167968677927887379675
136676531737137582717791986476
848135452429455145549486575734
486231283214271718374938118236
198134939362264449685879361633
255525742863943148683812598594
113553773166381896572263192887
493678426913485924733642952796
62538353452486866631352896894P
